107
171
187
178
174
181
131
179
111
104
143
138
134
127
114
141
157
144
105
109
167
134
193
113
140
104
119
171
129
109
185
124
183
146
110
173
118
114
134
127
190
102
131
115
145
145
125
148
139
138
134
193
190
121
111
124
107
119
198
114
155
137
158
186
159
188
189
121
125
161
133
174
184
121
187
158
194
148
135
112
176
196
121
100
157
177
101
101
155
129
173
181
183
187
179
190
154
175
141
169
182
157
199
198
154
149
136
123
132
171
153
142
132
132
149
100
106
116
184
160
160
196
189
182
178
122
105
184
145
154
112
136
127
144
178
197
113
188
122
161
109
114
119
102
132
132
124
123
119
168
155
107
176
166
157
197
117
114
152
137
192
122
101
122
192
103
100
115
199
162
112
129
112
139
134
116
180
112
151
104
124
132
173
182
191
114
153
166
156
112
110
173
132
145
169
195
115
184
139
134
189
171
